[[0.0, 61.0, 20.0, 72.0, 63.0, 24.0, 77.0, 20.0, 90.0, 60.0, 91.0, 16.0, 22.0, 63.0, 93.0, 19.0, 51.0, 78.0, 98.0, 32.0, 34.0, 32.0, 84.0, 53.0, 86.0], [61.0, 0.0, 96.0, 96.0, 80.0, 30.0, 88.0, 59.0, 61.0, 20.0, 45.0, 59.0, 92.0, 21.0, 43.0, 79.0, 32.0, 65.0, 96.0, 58.0, 48.0, 28.0, 96.0, 13.0, 70.0], [20.0, 96.0, 0.0, 80.0, 86.0, 98.0, 75.0, 19.0, 40.0, 23.0, 77.0, 71.0, 13.0, 58.0, 46.0, 65.0, 53.0, 40.0, 23.0, 89.0, 95.0, 43.0, 79.0, 22.0, 74.0], [72.0, 96.0, 80.0, 0.0, 87.0, 43.0, 90.0, 41.0, 18.0, 86.0, 64.0, 91.0, 80.0, 38.0, 43.0, 30.0, 86.0, 57.0, 83.0, 36.0, 63.0, 73.0, 25.0, 12.0, 21.0], [63.0, 80.0, 86.0, 87.0, 0.0, 61.0, 93.0, 15.0, 88.0, 18.0, 56.0, 75.0, 20.0, 71.0, 71.0, 71.0, 61.0, 28.0, 69.0, 26.0, 38.0, 50.0, 99.0, 20.0, 32.0], [24.0, 30.0, 98.0, 43.0, 61.0, 0.0, 42.0, 12.0, 98.0, 76.0, 59.0, 67.0, 99.0, 43.0, 85.0, 76.0, 27.0, 92.0, 18.0, 34.0, 99.0, 71.0, 96.0, 11.0, 74.0], [77.0, 88.0, 75.0, 90.0, 93.0, 42.0, 0.0, 26.0, 72.0, 36.0, 20.0, 47.0, 70.0, 93.0, 24.0, 94.0, 89.0, 98.0, 22.0, 68.0, 25.0, 56.0, 73.0, 26.0, 75.0], [20.0, 59.0, 19.0, 41.0, 15.0, 12.0, 26.0, 0.0, 64.0, 28.0, 84.0, 36.0, 29.0, 89.0, 81.0, 72.0, 38.0, 90.0, 83.0, 71.0, 74.0, 95.0, 65.0, 71.0, 38.0], [90.0, 61.0, 40.0, 18.0, 88.0, 98.0, 72.0, 64.0, 0.0, 29.0, 52.0, 88.0, 49.0, 75.0, 80.0, 49.0, 11.0, 37.0, 92.0, 21.0, 72.0, 66.0, 65.0, 27.0, 94.0], [60.0, 20.0, 23.0, 86.0, 18.0, 76.0, 36.0, 28.0, 29.0, 0.0, 88.0, 22.0, 94.0, 33.0, 100.0, 24.0, 43.0, 74.0, 25.0, 88.0, 20.0, 26.0, 47.0, 69.0, 31.0], [91.0, 45.0, 77.0, 64.0, 56.0, 59.0, 20.0, 84.0, 52.0, 88.0, 0.0, 72.0, 70.0, 62.0, 50.0, 20.0, 20.0, 53.0, 99.0, 21.0, 13.0, 25.0, 17.0, 97.0, 86.0], [16.0, 59.0, 71.0, 91.0, 75.0, 67.0, 47.0, 36.0, 88.0, 22.0, 72.0, 0.0, 80.0, 70.0, 19.0, 36.0, 82.0, 68.0, 86.0, 19.0, 34.0, 41.0, 77.0, 88.0, 47.0], [22.0, 92.0, 13.0, 80.0, 20.0, 99.0, 70.0, 29.0, 49.0, 94.0, 70.0, 80.0, 0.0, 30.0, 49.0, 27.0, 63.0, 42.0, 50.0, 71.0, 45.0, 85.0, 16.0, 24.0, 90.0], [63.0, 21.0, 58.0, 38.0, 71.0, 43.0, 93.0, 89.0, 75.0, 33.0, 62.0, 70.0, 30.0, 0.0, 18.0, 63.0, 65.0, 39.0, 71.0, 99.0, 92.0, 99.0, 41.0, 92.0, 39.0], [93.0, 43.0, 46.0, 43.0, 71.0, 85.0, 24.0, 81.0, 80.0, 100.0, 50.0, 19.0, 49.0, 18.0, 0.0, 100.0, 73.0, 26.0, 94.0, 55.0, 10.0, 78.0, 95.0, 41.0, 77.0], [19.0, 79.0, 65.0, 30.0, 71.0, 76.0, 94.0, 72.0, 49.0, 24.0, 20.0, 36.0, 27.0, 63.0, 100.0, 0.0, 15.0, 53.0, 39.0, 64.0, 17.0, 81.0, 52.0, 41.0, 48.0], [51.0, 32.0, 53.0, 86.0, 61.0, 27.0, 89.0, 38.0, 11.0, 43.0, 20.0, 82.0, 63.0, 65.0, 73.0, 15.0, 0.0, 37.0, 26.0, 48.0, 26.0, 69.0, 94.0, 35.0, 10.0], [78.0, 65.0, 40.0, 57.0, 28.0, 92.0, 98.0, 90.0, 37.0, 74.0, 53.0, 68.0, 42.0, 39.0, 26.0, 53.0, 37.0, 0.0, 28.0, 31.0, 83.0, 25.0, 93.0, 90.0, 43.0], [98.0, 96.0, 23.0, 83.0, 69.0, 18.0, 22.0, 83.0, 92.0, 25.0, 99.0, 86.0, 50.0, 71.0, 94.0, 39.0, 26.0, 28.0, 0.0, 84.0, 94.0, 47.0, 85.0, 10.0, 95.0], [32.0, 58.0, 89.0, 36.0, 26.0, 34.0, 68.0, 71.0, 21.0, 88.0, 21.0, 19.0, 71.0, 99.0, 55.0, 64.0, 48.0, 31.0, 84.0, 0.0, 59.0, 94.0, 66.0, 53.0, 88.0], [34.0, 48.0, 95.0, 63.0, 38.0, 99.0, 25.0, 74.0, 72.0, 20.0, 13.0, 34.0, 45.0, 92.0, 10.0, 17.0, 26.0, 83.0, 94.0, 59.0, 0.0, 65.0, 88.0, 97.0, 24.0], [32.0, 28.0, 43.0, 73.0, 50.0, 71.0, 56.0, 95.0, 66.0, 26.0, 25.0, 41.0, 85.0, 99.0, 78.0, 81.0, 69.0, 25.0, 47.0, 94.0, 65.0, 0.0, 83.0, 48.0, 12.0], [84.0, 96.0, 79.0, 25.0, 99.0, 96.0, 73.0, 65.0, 65.0, 47.0, 17.0, 77.0, 16.0, 41.0, 95.0, 52.0, 94.0, 93.0, 85.0, 66.0, 88.0, 83.0, 0.0, 92.0, 93.0], [53.0, 13.0, 22.0, 12.0, 20.0, 11.0, 26.0, 71.0, 27.0, 69.0, 97.0, 88.0, 24.0, 92.0, 41.0, 41.0, 35.0, 90.0, 10.0, 53.0, 97.0, 48.0, 92.0, 0.0, 87.0], [86.0, 70.0, 74.0, 21.0, 32.0, 74.0, 75.0, 38.0, 94.0, 31.0, 86.0, 47.0, 90.0, 39.0, 77.0, 48.0, 10.0, 43.0, 95.0, 88.0, 24.0, 12.0, 93.0, 87.0, 0.0]]