{"distances": [[0.0, 440.2465218488387, 287.4717377412952, 519.2995282108391, 155.56991997169632, 230.2628932329306, 210.94312029549576, 206.6204249342257, 240.53274205396653, 377.7631533117014, 299.29584026511293, 327.2491405641885, 294.3891981714003, 288.88232898535, 465.2364989980902, 345.1753177734468, 456.37375034066105, 237.19190542680835, 314.607692213652, 377.04774233510534, 248.60008045050992, 326.5348373451139, 412.40877779213184, 232.56181973832247, 180.71247881648904, 257.59852484049674, 522.2279195906707, 317.34523787194286, 41.19465984809196], [440.2465218488387, 0.0, 425.98708900622796, 90.27181176868004, 287.9461755259132, 274.71075697904513, 249.09837414162303, 272.5233934912744, 269.2675249635574, 159.53056133543816, 321.2553501500014, 215.3903433304288, 232.13789005675054, 193.82982226685345, 68.60029154456998, 248.2438317461282, 87.46427842267951, 285.91082525850607, 125.67020331009256, 130.9427355755179, 215.5203006679417, 206.194083329275, 40.44749683231337, 366.9386869764484, 267.01685340067957, 191.44189719076647, 82.00609733428362, 205.75956842878534, 462.4975675611711], [287.4717377412952, 425.98708900622796, 0.0, 464.2499326871249, 295.6247621563525, 399.0451102319135, 220.238507078122, 367.9619545550871, 168.04761230080004, 469.4603284623739, 494.41885077330943, 213.55093069335942, 435.8451559900603, 236.31546711969574, 405.9421141000278, 191.75505208468434, 490.5965756097366, 415.29266788615473, 339.1194479825656, 450.18773861579126, 363.6289317422364, 450.4941731032711, 423.17017853341224, 75.61084578286372, 313.95700342562833, 266.3174797117155, 493.81170500505556, 220.7351353998724, 264.42579299304373], [519.2995282108391, 90.27181176868004, 464.2499326871249, 0.0, 370.93665227367325, 364.72592449673766, 317.5358247505311, 361.4249576329781, 323.93826572357887, 244.1741182025646, 410.173134176289, 251.56311335328954, 322.001552791287, 249.83394485137524, 59.405386961116584, 274.2735860413831, 151.15885683611134, 376.1329552166361, 208.54256160314134, 217.36835096213983, 304.4634625041238, 294.89828755013144, 130.00384609695206, 415.20236030157633, 351.8934497827432, 263.3040068058213, 49.73932046178355, 247.42675683927152, 538.1570402772782], [155.56991997169632, 287.9461755259132, 295.6247621563525, 370.93665227367325, 0.0, 105.75916035975324, 103.31021246711285, 74.52516353554684, 161.82088863926066, 227.2201575564985, 199.44924166313595, 224.61077445216202, 156.71949463930773, 170.48460341039598, 320.39506862621965, 256.3123094976127, 300.8870219866586, 120.8056290079233, 162.82505949638096, 223.2778538055219, 96.66436778875658, 183.12017911743098, 258.00193797721755, 220.7826985975124, 26.92582403567252, 122.03687967167957, 369.5240181639077, 209.80467106334882, 184.74035834110532], [230.2628932329306, 274.71075697904513, 399.0451102319135, 364.72592449673766, 105.75916035975324, 0.0, 189.62067397834025, 31.32091952673165, 251.45377308761942, 159.02201105507376, 95.88013350011565, 292.138665705175, 65.80273550544841, 232.99785406737118, 326.02453895374197, 329.8620923962012, 255.88278566562465, 17.69180601295413, 170.1558109498468, 168.43990026119107, 65.73431371817918, 100.56838469419701, 236.56288804459587, 323.5954264200902, 85.0881895447306, 176.96327302578916, 349.1718774471965, 275.4360179787676, 267.5556016980396], [210.94312029549576, 249.09837414162303, 220.238507078122, 317.5358247505311, 103.31021246711285, 189.62067397834025, 0.0, 160.77624202599088, 61.84658438426491, 252.07141845120006, 284.92981591964013, 124.31009613060397, 217.1128738697915, 78.10249675906654, 260.41505332833583, 153.44380078712857, 291.547594742265, 207.0869382650678, 133.5402561027947, 235.91523901605, 144.66858677681205, 230.27375013231534, 231.5728826957077, 145.9931505242626, 109.12378292562992, 58.309518948453004, 329.2795165205391, 111.16204388189342, 223.23530186778254], [206.6204249342257, 272.5233934912744, 367.9619545550871, 361.4249576329781, 74.52516353554684, 31.32091952673165, 160.77624202599088, 0.0, 222.5758297749331, 173.761330565808, 126.56223765404908, 268.2237871628838, 88.25531145489205, 209.50656314301946, 318.8181299738144, 304.8442225137291, 263.79727064547126, 47.41307836451879, 159.02829936838285, 178.22738285684386, 57.0087712549569, 119.95415791042844, 236.31546711969574, 292.5764857263823, 54.120236510939236, 153.8473269186046, 350.0771343575584, 251.79356624028344, 242.33241632105268], [240.53274205396653, 269.2675249635574, 168.04761230080004, 323.93826572357887, 161.82088863926066, 251.45377308761942, 61.84658438426491, 222.5758297749331, 0.0, 301.8095425926755, 346.6554485364394, 89.19641248391103, 276.508589378341, 75.66372975210778, 264.66015944981217, 105.11898020814318, 325.8297101247828, 268.93121797217964, 171.49344010777787, 282.14358046923553, 204.37710243566914, 286.8327038536575, 260.3401620956705, 99.46356116689167, 170.41420128616042, 98.41239759298622, 344.3980255460243, 83.35466393669883, 242.78591392418136], [377.7631533117014, 159.53056133543816, 469.4603284623739, 244.1741182025646, 227.2201575564985, 159.02201105507376, 252.07141845120006, 173.761330565808, 301.8095425926755, 0.0, 171.05846953600397, 294.2600890368927, 96.38464608017192, 244.24577785501228, 226.3183598385248, 334.7670832086094, 105.54619841567009, 162.24980739587951, 136.95619737711763, 30.0, 130.58713566044705, 61.26989472816156, 120.34118164618461, 397.1523637094459, 200.3596765818911, 203.42074623793906, 214.11445537375565, 278.54802099458544, 410.6799240284336], [299.29584026511293, 321.2553501500014, 494.41885077330943, 410.173134176289, 199.44924166313595, 95.88013350011565, 284.92981591964013, 126.56223765404908, 346.6554485364394, 171.05846953600397, 0.0, 381.2741795611132, 92.02716990106781, 322.21886971436044, 382.2525343277661, 420.3094098399416, 276.4868893817571, 79.1580697086532, 242.39636960977776, 194.0025773024678, 148.8220413782851, 115.27792503337315, 280.8291295432153, 419.10022667614965, 180.6792738528689, 266.6927070618917, 384.1874542459709, 364.34324475691875, 339.60712595586097], [327.2491405641885, 215.3903433304288, 213.55093069335942, 251.56311335328954, 224.61077445216202, 292.138665705175, 124.31009613060397, 268.2237871628838, 89.19641248391103, 294.2600890368927, 381.2741795611132, 0.0, 298.0620740718282, 59.20304046246274, 192.75113488641253, 40.8166632639171, 288.29325347638644, 309.6837096135346, 157.8670326572334, 268.6131046691505, 232.4521456128121, 297.7129489961765, 219.14607000811125, 165.42369842317032, 223.8861317723811, 115.20850663036997, 280.3176769310134, 16.97056274847714, 331.6157414840255], [294.3891981714003, 232.13789005675054, 435.8451559900603, 322.001552791287, 156.71949463930773, 65.80273550544841, 217.1128738697915, 88.25531145489205, 276.508589378341, 96.38464608017192, 92.02716990106781, 298.0620740718282, 0.0, 240.0708228835816, 291.1528808031959, 338.1966883338747, 198.64037857394453, 66.21933252457322, 151.7926216915697, 111.40017953306898, 72.44998274671983, 35.608987629529715, 192.01041638411183, 360.4719129141687, 131.0953851209111, 186.70297265978385, 299.9549966244937, 281.1138559374119, 330.5510550580651], [288.88232898535, 193.82982226685345, 236.31546711969574, 249.83394485137524, 170.48460341039598, 232.99785406737118, 78.10249675906654, 209.50656314301946, 75.66372975210778, 244.24577785501228, 322.21886971436044, 59.20304046246274, 240.0708228835816, 0.0, 190.9240686765291, 98.3107318658548, 254.2833065696606, 250.52145616693193, 107.70793842609746, 220.8438362282271, 173.4156855650607, 241.81397809059757, 187.1095935541521, 173.34935823359717, 166.97305171793442, 56.0357029044876, 268.8215021161812, 42.43819034784589, 299.4294574687], [465.2364989980902, 68.60029154456998, 405.9421141000278, 59.405386961116584, 320.39506862621965, 326.02453895374197, 260.41505332833583, 318.8181299738144, 264.66015944981217, 226.3183598385248, 382.2525343277661, 192.75113488641253, 291.1528808031959, 190.9240686765291, 0.0, 217.26711670199887, 153.15351775261317, 339.09438214160963, 161.01242188104618, 196.9771560359221, 262.68802789621, 268.55539465815986, 105.99056561788883, 355.8791929854849, 303.29523570277195, 207.88458336298052, 91.54780172128658, 188.1515346735179, 482.420977984996], [345.1753177734468, 248.2438317461282, 191.75505208468434, 274.2735860413831, 256.3123094976127, 329.8620923962012, 153.44380078712857, 304.8442225137291, 105.11898020814318, 334.7670832086094, 420.3094098399416, 40.8166632639171, 338.1966883338747, 98.3107318658548, 217.26711670199887, 0.0, 324.7845439672276, 347.4967625748476, 198.59506539690256, 308.8122406900348, 271.5879231482873, 338.42724476613876, 255.6501515743732, 156.82155464093577, 258.26536740337446, 153.63918770938616, 307.5386154615384, 57.42821606144492, 344.9420241141981], [456.37375034066105, 87.46427842267951, 490.5965756097366, 151.15885683611134, 300.8870219866586, 255.88278566562465, 291.547594742265, 263.79727064547126, 325.8297101247828, 105.54619841567009, 276.4868893817571, 288.29325347638644, 198.64037857394453, 254.2833065696606, 153.15351775261317, 324.7845439672276, 0.0, 262.26894593146176, 158.02847844613325, 87.72684879784524, 210.87674124947966, 165.24527224704494, 69.18092222571191, 425.2928402877246, 275.80427842946887, 234.0939982143925, 112.80514172678478, 276.0018115882575, 484.6380092398862], [237.19190542680835, 285.91082525850607, 415.29266788615473, 376.1329552166361, 120.8056290079233, 17.69180601295413, 207.0869382650678, 47.41307836451879, 268.93121797217964, 162.24980739587951, 79.1580697086532, 309.6837096135346, 66.21933252457322, 250.52145616693193, 339.09438214160963, 347.4967625748476, 262.26894593146176, 0.0, 185.15398996510984, 174.54225849346628, 81.59656855530139, 101.82828683622247, 247.09714688761585, 339.94852551526094, 101.53324578678651, 194.48650338776724, 358.73388465546435, 292.9573347776089, 275.52313877422347], [314.607692213652, 125.67020331009256, 339.1194479825656, 208.54256160314134, 162.82505949638096, 170.1558109498468, 133.5402561027947, 159.02829936838285, 171.49344010777787, 136.95619737711763, 242.39636960977776, 157.8670326572334, 151.7926216915697, 107.70793842609746, 161.01242188104618, 198.59506539690256, 158.02847844613325, 185.15398996510984, 0.0, 113.1591799192624, 104.6900186264192, 143.54441821262157, 100.26464980241042, 270.27578507887085, 143.37712509323097, 76.24303246854758, 207.62466134830902, 141.85203558638133, 337.6166465090251], [377.04774233510534, 130.9427355755179, 450.18773861579126, 217.36835096213983, 223.2778538055219, 168.43990026119107, 235.91523901605, 178.22738285684386, 282.14358046923553, 30.0, 194.0025773024678, 268.6131046691505, 111.40017953306898, 220.8438362282271, 196.9771560359221, 308.8122406900348, 87.72684879784524, 174.54225849346628, 113.1591799192624, 0.0, 128.5496013218244, 79.51100552753688, 91.18113840043894, 379.22288960451743, 196.9466932954194, 184.0, 190.31815467789718, 253.30021713374035, 407.98284277650697], [248.60008045050992, 215.5203006679417, 363.6289317422364, 304.4634625041238, 96.66436778875658, 65.73431371817918, 144.66858677681205, 57.0087712549569, 204.37710243566914, 130.58713566044705, 148.8220413782851, 232.4521456128121, 72.44998274671983, 173.4156855650607, 262.68802789621, 271.5879231482873, 210.87674124947966, 81.59656855530139, 104.6900186264192, 128.5496013218244, 0.0, 90.0499861188218, 179.56892826989863, 288.37649002649295, 69.77822009767804, 118.10588469674151, 293.40074982862603, 215.52262062252305, 280.40149785619906], [326.5348373451139, 206.194083329275, 450.4941731032711, 294.89828755013144, 183.12017911743098, 100.56838469419701, 230.27375013231534, 119.95415791042844, 286.8327038536575, 61.26989472816156, 115.27792503337315, 297.7129489961765, 35.608987629529715, 241.81397809059757, 268.55539465815986, 338.42724476613876, 165.24527224704494, 101.82828683622247, 143.54441821262157, 79.51100552753688, 90.0499861188218, 0.0, 165.74679484080528, 375.84039165581976, 156.51836952894698, 192.00520826269272, 269.74246977441277, 281.0, 361.66835637086086], [412.40877779213184, 40.44749683231337, 423.17017853341224, 130.00384609695206, 258.00193797721755, 236.56288804459587, 231.5728826957077, 236.31546711969574, 260.3401620956705, 120.34118164618461, 280.8291295432153, 219.14607000811125, 192.01041638411183, 187.1095935541521, 105.99056561788883, 255.6501515743732, 69.18092222571191, 247.09714688761585, 100.26464980241042, 91.18113840043894, 179.56892826989863, 165.74679484080528, 0.0, 359.6109008358896, 235.47823678633233, 173.28012003689287, 113.84638773364749, 207.03864373589778, 437.01258563112344], [232.56181973832247, 366.9386869764484, 75.61084578286372, 415.20236030157633, 220.7826985975124, 323.5954264200902, 145.9931505242626, 292.5764857263823, 99.46356116689167, 397.1523637094459, 419.10022667614965, 165.42369842317032, 360.4719129141687, 173.34935823359717, 355.8791929854849, 156.82155464093577, 425.2928402877246, 339.94852551526094, 270.27578507887085, 379.22288960451743, 288.37649002649295, 375.84039165581976, 359.6109008358896, 0.0, 238.51624682608102, 195.4328529188478, 439.6691938264495, 167.80047675736802, 217.70622407271685], [180.71247881648904, 267.01685340067957, 313.95700342562833, 351.8934497827432, 26.92582403567252, 85.0881895447306, 109.12378292562992, 54.120236510939236, 170.41420128616042, 200.3596765818911, 180.6792738528689, 223.8861317723811, 131.0953851209111, 166.97305171793442, 303.29523570277195, 258.26536740337446, 275.80427842946887, 101.53324578678651, 143.37712509323097, 196.9466932954194, 69.77822009767804, 156.51836952894698, 235.47823678633233, 238.51624682608102, 0.0, 114.1402645870422, 348.04166417255277, 208.16579930430456, 211.0781845667619], [257.59852484049674, 191.44189719076647, 266.3174797117155, 263.3040068058213, 122.03687967167957, 176.96327302578916, 58.309518948453004, 153.8473269186046, 98.41239759298622, 203.42074623793906, 266.6927070618917, 115.20850663036997, 186.70297265978385, 56.0357029044876, 207.88458336298052, 153.63918770938616, 234.0939982143925, 194.48650338776724, 76.24303246854758, 184.0, 118.10588469674151, 192.00520826269272, 173.28012003689287, 195.4328529188478, 114.1402645870422, 0.0, 272.2590678012396, 98.4733466477097, 274.8708787776544], [522.2279195906707, 82.00609733428362, 493.81170500505556, 49.73932046178355, 369.5240181639077, 349.1718774471965, 329.2795165205391, 350.0771343575584, 344.3980255460243, 214.11445537375565, 384.1874542459709, 280.3176769310134, 299.9549966244937, 268.8215021161812, 91.54780172128658, 307.5386154615384, 112.80514172678478, 358.73388465546435, 207.62466134830902, 190.31815467789718, 293.40074982862603, 269.74246977441277, 113.84638773364749, 439.6691938264495, 348.04166417255277, 272.2590678012396, 0.0, 273.64575640780544, 544.4162010814888], [317.34523787194286, 205.75956842878534, 220.7351353998724, 247.42675683927152, 209.80467106334882, 275.4360179787676, 111.16204388189342, 251.79356624028344, 83.35466393669883, 278.54802099458544, 364.34324475691875, 16.97056274847714, 281.1138559374119, 42.43819034784589, 188.1515346735179, 57.42821606144492, 276.0018115882575, 292.9573347776089, 141.85203558638133, 253.30021713374035, 215.52262062252305, 281.0, 207.03864373589778, 167.80047675736802, 208.16579930430456, 98.4733466477097, 273.64575640780544, 0.0, 323.51970573676033], [41.19465984809196, 462.4975675611711, 264.42579299304373, 538.1570402772782, 184.74035834110532, 267.5556016980396, 223.23530186778254, 242.33241632105268, 242.78591392418136, 410.6799240284336, 339.60712595586097, 331.6157414840255, 330.5510550580651, 299.4294574687, 482.420977984996, 344.9420241141981, 484.6380092398862, 275.52313877422347, 337.6166465090251, 407.98284277650697, 280.40149785619906, 361.66835637086086, 437.01258563112344, 217.70622407271685, 211.0781845667619, 274.8708787776544, 544.4162010814888, 323.51970573676033, 0.0]], "coords": [[3, 334], [359, 75], [247, 486], [449, 68], [112, 223], [88, 120], [204, 270], [97, 150], [243, 318], [210, 18], [40, 37], [327, 288], [127, 67], [280, 252], [414, 116], [348, 323], [314, 0], [75, 108], [256, 147], [234, 36], [152, 135], [155, 45], [319, 69], [221, 415], [122, 198], [234, 220], [424, 25], [315, 276], [7, 375]]}